GenomicLocus	uniqID	rsID	chr	pos	p	start	end	nSNPs	nGWASSNPs	nIndSigSNPs	IndSigSNPs	nLeadSNPs	LeadSNPs
1	1:4414033:C:T	rs528964	1	4414033	6.483e-09	4400286	4732473	68	68	NA	NA	NA	NA
2	1:7821917:C:CT	rs148116709	1	7821917	4.325e-09	7821917	7909373	29	29	NA	NA	NA	NA
3	1:15935238:C:G	rs72647105	1	15935238	6.318e-08	15923727	15935238	5	5	NA	NA	NA	NA
4	1:17958038:C:T	rs112358407	1	17958038	4.986e-08	17958038	17958038	1	1	NA	NA	NA	NA
5	1:32180167:A:T	rs55634335	1	32180167	2.364e-11	32168381	32242206	20	20	NA	NA	NA	NA
6	1:33914333:G:T	rs11577667	1	33914333	2.1e-08	33901596	33914333	15	15	NA	NA	NA	NA
7	1:36002505:A:G	rs72659623	1	36002505	3.86e-08	35984632	36002505	3	3	NA	NA	NA	NA
8	1:37169665:C:T	rs218985	1	37169665	1.19e-12	37154795	37194103	22	22	NA	NA	NA	NA
9	1:38657884:A:G	rs1564119	1	38657884	3.528e-10	38649311	38657992	5	5	NA	NA	NA	NA
10	1:41104664:A:G	rs579448	1	41104664	3.558e-12	41093844	41129044	16	16	NA	NA	NA	NA
11	1:47670911:C:T	rs4134058	1	47670911	2.093e-08	47670911	47693220	10	10	NA	NA	NA	NA
12	1:50182298:C:T	rs12137221	1	50182298	4.984e-08	49529592	50591851	48	48	NA	NA	NA	NA
13	1:57828545:C:T	rs10889039	1	57828545	1.744e-10	57515237	57900418	45	45	NA	NA	NA	NA
14	1:59330491:C:T	rs61788417	1	59330491	1.703e-09	59317534	59330491	11	11	NA	NA	NA	NA
15	1:62589818:A:G	rs2476193	1	62589818	4.445e-08	62579891	62601827	8	8	NA	NA	NA	NA
16	1:66414039:C:T	rs6690101	1	66414039	1.595e-13	66324107	66594826	19	19	NA	NA	NA	NA
17	1:67373558:A:T	rs3008892	1	67373558	3.506e-08	67366668	67507734	51	51	NA	NA	NA	NA
18	1:72739527:A:C	rs12737564	1	72739527	2.268e-28	72738699	73872885	14	14	NA	NA	NA	NA
19	1:74916064:C:G	rs4650265	1	74916064	5.727e-09	74878253	74916064	3	3	NA	NA	NA	NA
20	1:78450517:A:C	rs34517439	1	78450517	1.929e-13	78450517	78450517	1	1	NA	NA	NA	NA
21	1:80794351:C:T	rs72673689	1	80794351	5.108e-10	80788479	80848989	115	115	NA	NA	NA	NA
22	1:88798269:A:C	rs503460	1	88798269	3.18e-14	88744061	89529829	60	60	NA	NA	NA	NA
23	1:90795625:C:T	rs12093332	1	90795625	3.227e-09	90770219	90810268	40	40	NA	NA	NA	NA
24	1:96974466:A:C	rs11165657	1	96974466	8.621e-13	96296928	96985039	195	195	NA	NA	NA	NA
25	1:97856036:A:T	rs12039093	1	97856036	4.892e-11	97836421	97883247	22	22	NA	NA	NA	NA
26	1:107187906:A:G	rs9325358	1	107187906	1.438e-21	107182726	107198806	18	18	NA	NA	NA	NA
27	1:117926372:A:T	rs1768790	1	117926372	3.191e-13	117870753	118091945	47	47	NA	NA	NA	NA
28	1:150354276:A:G	rs834233	1	150354276	1.79e-09	150269545	150511628	127	127	NA	NA	NA	NA
29	1:151780728:A:T	rs11588258	1	151780728	7.044e-09	151738403	151780728	17	17	NA	NA	NA	NA
30	1:154207635:G:T	rs12023901	1	154207635	3.111e-08	154050525	154270018	48	48	NA	NA	NA	NA
31	1:166955312:G:T	rs7551881	1	166955312	1.066e-10	166813933	166955312	5	5	NA	NA	NA	NA
32	1:173910964:A:G	rs56247945	1	173910964	2.148e-08	173891817	174517443	146	146	NA	NA	NA	NA
33	1:182573227:C:T	rs509476	1	182573227	1.659e-09	182549729	182601380	6	6	NA	NA	NA	NA
34	1:190038811:G:T	rs2418884	1	190038811	3.625e-29	190033826	191598946	159	159	NA	NA	NA	NA
35	1:198405439:T:TTA	rs5779928	1	198405439	1.14e-11	197436039	198405439	335	335	NA	NA	NA	NA
36	1:201790239:A:G	rs2016475	1	201790239	2.999e-12	201790239	201856521	5	5	NA	NA	NA	NA
37	1:205427890:C:T	rs138122366	1	205427890	4.204e-08	205427890	205427890	1	1	NA	NA	NA	NA
38	1:210129627:C:CCAAA	rs58649262	1	210129627	3.997e-08	210071528	210306844	157	157	NA	NA	NA	NA
39	1:226240905:A:G	rs55946391	1	226240905	1.504e-09	226240905	226326279	12	12	NA	NA	NA	NA
40	1:226653478:G:T	rs4653743	1	226653478	4.193e-08	226613287	226680619	12	12	NA	NA	NA	NA
41	1:230272624:A:G	rs11807834	1	230272624	2.216e-10	230238507	230314527	23	23	NA	NA	NA	NA
42	1:243983830:C:T	rs10927078	1	243983830	5.063e-12	243703344	243995640	75	75	NA	NA	NA	NA
43	2:2850634:G:T	rs823248	2	2850634	5.371e-10	2846181	2850634	6	6	NA	NA	NA	NA
44	2:21515546:A:C	rs10185535	2	21515546	6.397e-09	21507417	21532767	26	26	NA	NA	NA	NA
45	2:22818009:C:T	rs12617557	2	22818009	3.392e-11	22447166	22842193	35	35	NA	NA	NA	NA
46	2:35406207:A:C	rs10204586	2	35406207	1.087e-09	35392051	35550361	123	123	NA	NA	NA	NA
47	2:38558787:C:T	rs11903069	2	38558787	1.886e-08	38517515	38604351	57	57	NA	NA	NA	NA
48	2:42848272:G:GTT	rs368458820	2	42848272	2.49e-15	42848272	42942177	8	8	NA	NA	NA	NA
49	2:44214587:C:T	rs11124959	2	44214587	3.469e-10	44102197	44221160	45	45	NA	NA	NA	NA
50	2:48119273:C:T	rs2881935	2	48119273	1.374e-08	48022900	48185340	23	23	NA	NA	NA	NA
51	2:50100570:A:G	rs74431276	2	50100570	4.725e-11	50079534	50140955	68	68	NA	NA	NA	NA
52	2:51819019:A:G	rs72807818	2	51819019	6.095e-19	51819019	52306052	24	24	NA	NA	NA	NA
53	2:53721273:G:T	rs13404175	2	53721273	4.551e-12	53715939	53743131	45	45	NA	NA	NA	NA
54	2:58887039:A:C	rs12468708	2	58887039	1.009e-14	58878085	58922921	32	32	NA	NA	NA	NA
55	2:60477052:A:T	rs359247	2	60477052	3.278e-18	60450992	60518350	18	18	NA	NA	NA	NA
56	2:64276576:C:T	rs781516	2	64276576	2.734e-10	63418575	64293274	96	96	NA	NA	NA	NA
57	2:66745864:A:G	rs62144053	2	66745864	2.563e-53	66655256	67133822	64	64	NA	NA	NA	NA
58	2:68077335:A:C	rs2861752	2	68077335	4.298e-15	68069867	68081309	14	14	NA	NA	NA	NA
59	2:73853830:A:G	rs62149809	2	73853830	1.906e-08	73529077	74084946	411	411	NA	NA	NA	NA
60	2:75442117:C:T	rs4538233	2	75442117	2.468e-08	75411359	75443750	44	44	NA	NA	NA	NA
61	2:77730997:A:T	rs6761838	2	77730997	8.169e-12	77700378	77730997	25	25	NA	NA	NA	NA
62	2:98343258:A:G	rs6724539	2	98343258	2.809e-12	98342323	98623406	83	83	NA	NA	NA	NA
63	2:100516134:C:T	rs6735012	2	100516134	1.616e-08	100479963	100516134	10	10	NA	NA	NA	NA
64	2:104694369:C:T	rs4402784	2	104694369	3.193e-13	104452409	104697043	63	63	NA	NA	NA	NA
65	2:114082175:A:G	rs62158170	2	114082175	1.615e-34	114082175	114092549	7	7	NA	NA	NA	NA
66	2:118578114:G:T	rs2432721	2	118578114	2.959e-08	118513100	118597049	46	46	NA	NA	NA	NA
67	2:119546155:G:T	rs4848524	2	119546155	3.384e-08	119512410	119555755	9	9	NA	NA	NA	NA
68	2:125222217:A:G	rs12618343	2	125222217	2.051e-10	125213531	125288885	19	19	NA	NA	NA	NA
69	2:126511108:C:CTT	rs773875123	2	126511108	6.015e-09	126492090	126552208	15	15	NA	NA	NA	NA
70	2:138077603:C:T	rs13415724	2	138077603	1.127e-11	138077603	138373831	81	81	NA	NA	NA	NA
71	2:139191527:A:C	rs78154941	2	139191527	2.067e-10	138988806	139308127	12	12	NA	NA	NA	NA
72	2:142484987:A:T	rs1437334	2	142484987	1.906e-09	142226118	142484987	53	53	NA	NA	NA	NA
73	2:144028568:A:C	rs13001483	2	144028568	4.783e-12	144013418	144137353	50	50	NA	NA	NA	NA
74	2:146465318:G:T	rs7607770	2	146465318	7.961e-09	146458738	146510724	29	29	NA	NA	NA	NA
75	2:147482079:C:T	rs62167788	2	147482079	5.384e-12	147400900	147482079	37	37	NA	NA	NA	NA
76	2:148658595:A:G	2:148658595:A_G	2	148658595	7.983e-10	148557573	148801902	45	45	NA	NA	NA	NA
77	2:159250229:A:G	rs77276698	2	159250229	5.342e-16	159136701	159300402	58	58	NA	NA	NA	NA
78	2:160665278:C:T	rs1549577	2	160665278	1.14e-13	160377123	160665278	12	12	NA	NA	NA	NA
79	2:161988483:C:T	rs1267070	2	161988483	1.836e-11	161988483	162265870	53	53	NA	NA	NA	NA
80	2:168547025:A:G	rs11683458	2	168547025	1.958e-09	168543453	168556935	9	9	NA	NA	NA	NA
81	2:172890588:A:G	rs10930502	2	172890588	6.642e-12	172532392	172911094	90	90	NA	NA	NA	NA
82	2:173528547:C:T	rs836603	2	173528547	3.584e-08	173433186	173577218	140	140	NA	NA	NA	NA
83	2:176533433:C:T	rs2884836	2	176533433	4.964e-11	176445597	176539338	41	41	NA	NA	NA	NA
84	2:178213326:A:G	rs2123641	2	178213326	1.133e-09	178210268	178425998	71	71	NA	NA	NA	NA
85	2:185462041:C:T	rs10497655	2	185462041	4.121e-10	185462041	185519428	7	7	NA	NA	NA	NA
86	2:198950240:A:G	rs1064213	2	198950240	2.828e-16	198245297	198954774	103	103	NA	NA	NA	NA
87	2:200833246:G:GA	rs574796028	2	200833246	5.658e-10	200720378	201119367	71	71	NA	NA	NA	NA
88	2:203726502:A:G	rs145664840	2	203726502	2.809e-11	203649341	204121145	234	234	NA	NA	NA	NA
89	2:208066895:C:G	rs1035265	2	208066895	9.689e-15	208044947	208122078	16	16	NA	NA	NA	NA
90	2:212657792:C:T	rs62184481	2	212657792	8.617e-09	212590505	212671545	21	21	NA	NA	NA	NA
91	2:215382654:A:G	rs34967082	2	215382654	9.419e-11	215247022	215511381	154	154	NA	NA	NA	NA
92	2:222885111:C:T	rs62178707	2	222885111	6.268e-13	222695380	222921656	41	41	NA	NA	NA	NA
93	2:239311445:A:G	rs11897824	2	239311445	7.207e-15	239205600	239462765	144	144	NA	NA	NA	NA
94	2:241741977:C:T	rs7599943	2	241741977	1.704e-08	241739534	241747925	6	6	NA	NA	NA	NA
95	3:1991298:A:G	rs2729303	3	1991298	1.794e-08	1991298	2025910	2	2	NA	NA	NA	NA
96	3:5791364:A:G	rs76901635	3	5791364	1.006e-08	5767413	5796862	18	18	NA	NA	NA	NA
97	3:7187203:A:C	rs78838624	3	7187203	1.87e-08	7114504	7202677	40	40	NA	NA	NA	NA
98	3:8082945:C:T	rs6774026	3	8082945	4.67e-08	8076491	8095366	15	15	NA	NA	NA	NA
99	3:10599028:C:T	rs4383496	3	10599028	6.456e-21	10599028	10602398	2	2	NA	NA	NA	NA
100	3:11412754:A:G	rs9653970	3	11412754	4.772e-11	11298181	11514290	97	97	NA	NA	NA	NA
101	3:18720044:A:C	rs9838564	3	18720044	1.8e-14	18674644	18824298	46	46	NA	NA	NA	NA
102	3:20669071:G:T	rs4858241	3	20669071	5.859e-10	20112039	20750951	69	69	NA	NA	NA	NA
103	3:25148868:C:G	rs1603985	3	25148868	2.024e-10	25148868	25167421	13	13	NA	NA	NA	NA
104	3:34562070:A:T	rs2122231	3	34562070	1.622e-08	34545603	34614004	20	20	NA	NA	NA	NA
105	3:43528082:A:C	rs9809577	3	43528082	1.308e-12	43038930	44074503	87	87	NA	NA	NA	NA
106	3:50228767:G:T	rs3755831	3	50228767	1.035e-19	48958801	50228767	49	49	NA	NA	NA	NA
107	3:65185470:A:G	rs62252339	3	65185470	2.997e-08	65161158	65185470	8	8	NA	NA	NA	NA
108	3:69014365:A:G	rs6762926	3	69014365	1.246e-09	68984052	69018805	42	42	NA	NA	NA	NA
109	3:70526203:C:T	rs67588220	3	70526203	4.332e-18	70478121	70566464	15	15	NA	NA	NA	NA
110	3:70940474:A:G	rs115433278	3	70940474	4.923e-09	70925331	71048875	15	15	NA	NA	NA	NA
111	3:71469845:A:G	rs1864896	3	71469845	8.68e-12	71433871	71814431	124	124	NA	NA	NA	NA
112	3:76291908:C:T	rs113757655	3	76291908	1.047e-09	76291908	76344550	13	13	NA	NA	NA	NA
113	3:85789703:C:CT	rs11425226	3	85789703	8.565e-09	85404960	85789703	82	82	NA	NA	NA	NA
114	3:86255794:C:T	rs13093657	3	86255794	1.262e-09	86250962	86281655	10	10	NA	NA	NA	NA
115	3:88001998:G:GT	rs147012818	3	88001998	2.043e-09	87942715	88007774	18	18	NA	NA	NA	NA
116	3:104078503:A:C	rs78531597	3	104078503	3.268e-08	104078503	104078503	1	1	NA	NA	NA	NA
117	3:107876232:C:T	rs6795280	3	107876232	1.514e-10	107820619	108152718	94	94	NA	NA	NA	NA
118	3:116002163:A:G	rs7619638	3	116002163	2.564e-13	115951432	116038491	84	84	NA	NA	NA	NA
119	3:117637295:A:G	rs9815484	3	117637295	1.782e-23	117383588	117804360	133	133	NA	NA	NA	NA
120	3:130748245:A:G	rs75869405	3	130748245	4.22e-10	130585200	130748245	23	23	NA	NA	NA	NA
121	3:134707570:C:T	rs67294685	3	134707570	9.713e-09	134694436	134729537	6	6	NA	NA	NA	NA
122	3:147094030:C:T	rs4681358	3	147094030	3.445e-12	147094030	147102874	3	3	NA	NA	NA	NA
123	3:151159728:A:G	rs55827025	3	151159728	1.375e-08	150818075	151159728	31	31	NA	NA	NA	NA
124	3:152716443:C:T	rs9872362	3	152716443	1.726e-08	152666641	152732045	48	48	NA	NA	NA	NA
125	3:155350786:C:T	rs13095140	3	155350786	2.034e-19	155334844	155373955	15	15	NA	NA	NA	NA
126	3:156817662:C:T	rs2306531	3	156817662	1.439e-10	156795408	156817662	17	17	NA	NA	NA	NA
127	3:158266932:G:GC	rs34995891	3	158266932	4.483e-09	157940116	158281021	144	144	NA	NA	NA	NA
128	3:170085568:G:T	rs11709437	3	170085568	9.78e-07	170077713	170113601	25	25	NA	NA	NA	NA
129	3:170572112:C:T	rs10936661	3	170572112	1.981e-08	170572112	170744920	73	73	NA	NA	NA	NA
130	3:173112907:C:T	rs694786	3	173112907	6.299e-17	173072584	173129819	33	33	NA	NA	NA	NA
131	3:174842833:C:G	rs60018000	3	174842833	1.718e-08	174808772	174844540	66	66	NA	NA	NA	NA
132	3:178469932:C:T	rs4260410	3	178469932	1.862e-09	178262690	178510978	28	28	NA	NA	NA	NA
133	3:180785697:C:G	rs2216427	3	180785697	4.271e-14	180785697	181031667	24	24	NA	NA	NA	NA
134	3:184936583:A:G	rs6786798	3	184936583	6.38e-10	184686285	185101208	47	47	NA	NA	NA	NA
135	3:192218226:T:TC	rs745850919	3	192218226	3.867e-09	192214980	192231645	14	14	NA	NA	NA	NA
136	4:1507198:A:G	rs12647020	4	1507198	8.285e-09	1507198	1521154	10	10	NA	NA	NA	NA
137	4:7282332:A:G	rs6857447	4	7282332	2.272e-08	7274018	7318308	11	11	NA	NA	NA	NA
138	4:16726786:A:C	rs2658509	4	16726786	2.108e-10	16699143	16741872	40	40	NA	NA	NA	NA
139	4:17851945:A:G	rs113591949	4	17851945	1.012e-13	17789325	18256125	81	81	NA	NA	NA	NA
140	4:21997107:T:TA	rs34791171	4	21997107	5.768e-12	21847686	22068006	115	115	NA	NA	NA	NA
141	4:25348480:A:AG	rs61613321	4	25348480	4.95e-09	25234781	25350504	13	13	NA	NA	NA	NA
142	4:29425012:A:G	rs190495	4	29425012	4.925e-09	29147672	29425012	47	47	NA	NA	NA	NA
143	4:34567053:A:T	rs10026643	4	34567053	1.072e-10	34531418	34720226	58	58	NA	NA	NA	NA
144	4:42014109:A:C	rs1818295	4	42014109	5.635e-08	41928023	42032024	20	20	NA	NA	NA	NA
145	4:44859711:A:G	rs10517119	4	44859711	2.467e-08	44648797	44886795	91	91	NA	NA	NA	NA
146	4:62103999:A:G	rs4860090	4	62103999	3.367e-08	62103999	62132345	14	14	NA	NA	NA	NA
147	4:79582594:A:G	rs6812227	4	79582594	2.478e-11	79531553	79593291	53	53	NA	NA	NA	NA
148	4:80782552:A:G	rs1132460	4	80782552	2.122e-09	80708470	80788706	55	55	NA	NA	NA	NA
149	4:82220324:A:C	rs2011962	4	82220324	1.179e-11	82160348	82288564	44	44	NA	NA	NA	NA
150	4:90628439:C:G	rs356179	4	90628439	1.892e-19	90513701	91109663	112	112	NA	NA	NA	NA
151	4:99477344:A:G	rs11730384	4	99477344	1.388e-09	99441212	99477412	41	41	NA	NA	NA	NA
152	4:99900872:C:T	rs11940529	4	99900872	5.985e-10	99893603	99978440	41	41	NA	NA	NA	NA
153	4:101608082:A:C	rs62307308	4	101608082	1.083e-11	101459746	101608082	80	80	NA	NA	NA	NA
154	4:103188709:C:T	rs13107325	4	103188709	6.802e-24	103146888	103198082	4	4	NA	NA	NA	NA
155	4:106094427:A:G	rs2903385	4	106094427	5.446e-20	106094427	106106353	2	2	NA	NA	NA	NA
156	4:112822393:A:T	rs13108200	4	112822393	1.568e-12	112799630	112822393	28	28	NA	NA	NA	NA
157	4:113250269:C:T	rs6533604	4	113250269	1.977e-08	113250269	113262874	4	4	NA	NA	NA	NA
158	4:123186393:A:G	rs45510091	4	123186393	2.421e-10	123122856	123387151	5	5	NA	NA	NA	NA
159	4:130880591:C:T	rs2968988	4	130880591	2.185e-08	130850180	130940921	11	11	NA	NA	NA	NA
160	4:149002841:C:T	rs3733421	4	149002841	4.942e-08	148975635	149012794	14	14	NA	NA	NA	NA
161	4:159842155:G:T	rs1820514	4	159842155	4.266e-08	159651875	159851039	139	139	NA	NA	NA	NA
162	4:164542521:A:C	rs13117153	4	164542521	8.492e-11	164503897	164542521	8	8	NA	NA	NA	NA
163	4:186764747:G:T	rs11724690	4	186764747	2.877e-09	186764747	186789491	18	18	NA	NA	NA	NA
164	5:3249230:C:CT	rs147728881	5	3249230	5.641e-09	3240069	3253177	21	21	NA	NA	NA	NA
165	5:7245102:A:G	rs4454035	5	7245102	4.309e-10	7243981	7444393	71	71	NA	NA	NA	NA
166	5:25086440:A:C	rs6872919	5	25086440	8.52e-10	25076925	25289672	101	101	NA	NA	NA	NA
167	5:30644030:C:T	rs34971686	5	30644030	3.688e-10	30610393	31226681	35	35	NA	NA	NA	NA
168	5:50455839:A:G	rs77176363	5	50455839	1.07e-15	50416469	50495353	15	15	NA	NA	NA	NA
169	5:61520665:G:T	rs6449590	5	61520665	2.816e-14	61369507	61525564	32	32	NA	NA	NA	NA
170	5:62820508:C:T	rs669245	5	62820508	8.393e-09	62713372	62918416	74	74	NA	NA	NA	NA
171	5:63962299:C:T	rs6864168	5	63962299	6.383e-09	63954744	63962306	11	11	NA	NA	NA	NA
172	5:71510892:C:T	rs62363245	5	71510892	1.108e-09	71506529	71573312	17	17	NA	NA	NA	NA
173	5:71998112:A:G	rs11949379	5	71998112	3.364e-08	71947149	72046100	120	120	NA	NA	NA	NA
174	5:85374831:G:T	rs7708900	5	85374831	3.14e-10	85336173	85374831	4	4	NA	NA	NA	NA
175	5:87603874:G:GA	rs34164261	5	87603874	1.913e-18	87533534	88015545	106	106	NA	NA	NA	NA
176	5:90926353:G:T	rs4492142	5	90926353	2.642e-08	90909574	90957198	13	13	NA	NA	NA	NA
177	5:91611580:A:C	rs34315689	5	91611580	2.628e-10	91504374	91838767	58	58	NA	NA	NA	NA
178	5:92171425:C:T	rs11135493	5	92171425	1.814e-11	92131648	92171425	22	22	NA	NA	NA	NA
179	5:93283219:A:T	rs10066873	5	93283219	3.024e-15	92995013	93494731	27	27	NA	NA	NA	NA
180	5:102641571:A:G	rs2569013	5	102641571	2.912e-15	102118385	102681586	102	102	NA	NA	NA	NA
181	5:103947968:C:T	rs2431108	5	103947968	4.605e-29	103676341	103972357	12	12	NA	NA	NA	NA
182	5:106918329:A:G	rs71575448	5	106918329	5.753e-16	106629621	107217102	90	90	NA	NA	NA	NA
183	5:111099116:A:C	rs872621	5	111099116	3.906e-09	111098877	111101433	5	5	NA	NA	NA	NA
184	5:111479750:C:T	rs62372418	5	111479750	2.846e-08	111470683	111517040	24	24	NA	NA	NA	NA
185	5:120138772:A:C	rs11954162	5	120138772	7.602e-16	120049338	120138772	21	21	NA	NA	NA	NA
186	5:122010080:C:G	rs7733986	5	122010080	4.416e-08	122005132	122163401	121	121	NA	NA	NA	NA
187	5:135636996:C:T	rs35681248	5	135636996	8.907e-20	135617067	135689839	59	59	NA	NA	NA	NA
188	5:138236941:A:G	rs10043722	5	138236941	8.635e-14	138236941	138236941	1	1	NA	NA	NA	NA
189	5:140242479:A:T	rs251369	5	140242479	4.757e-08	140146894	140347053	100	100	NA	NA	NA	NA
190	5:141268192:C:T	rs13180076	5	141268192	1.738e-08	141256134	141282499	9	9	NA	NA	NA	NA
191	5:141691371:A:C	rs4912844	5	141691371	8.237e-11	141691371	141708828	5	5	NA	NA	NA	NA
192	5:143898188:C:T	rs463245	5	143898188	5.892e-11	143619329	144089129	58	58	NA	NA	NA	NA
193	5:148092126:G:T	rs6580564	5	148092126	1.638e-08	148034013	148115346	81	81	NA	NA	NA	NA
194	5:148869387:A:C	rs10045427	5	148869387	4.106e-09	148869253	148952234	11	11	NA	NA	NA	NA
195	5:153095918:A:G	rs10035289	5	153095918	6.052e-19	153092746	153257636	114	114	NA	NA	NA	NA
196	5:161018271:G:T	rs11956866	5	161018271	1.25e-10	160911968	161018271	17	17	NA	NA	NA	NA
197	5:165420956:A:G	rs62383290	5	165420956	4.052e-08	165398206	165460085	20	20	NA	NA	NA	NA
198	5:166810007:A:T	rs9313374	5	166810007	1.225e-09	166810007	166842891	33	33	NA	NA	NA	NA
199	5:175280111:A:G	rs879483	5	175280111	7.978e-09	175280111	175328593	6	6	NA	NA	NA	NA
200	5:176481144:A:G	rs6878050	5	176481144	8.491e-10	176320106	176490250	80	80	NA	NA	NA	NA
201	5:179515597:A:G	rs4290977	5	179515597	2.599e-09	179403258	179526163	37	37	NA	NA	NA	NA
202	6:7315496:A:C	rs377472105	6	7315496	5.482e-09	7074687	7320807	109	109	NA	NA	NA	NA
203	6:12955104:C:T	rs35056688	6	12955104	1.896e-08	12950751	13192759	82	82	NA	NA	NA	NA
204	6:14915678:A:G	rs427597	6	14915678	1.704e-10	14863349	14918945	30	30	NA	NA	NA	NA
205	6:24006893:C:T	rs1397844	6	24006893	3.252e-10	23992452	24010084	5	5	NA	NA	NA	NA
206	6:26168903:A:G	rs2066295	6	26168903	2.418e-14	25785874	27955115	160	160	NA	NA	NA	NA
207	6:30243236:C:T	rs3132653	6	30243236	7.925e-07	29801113	30290027	20	20	NA	NA	NA	NA
208	6:31312006:T:TG	rs148127454	6	31312006	1.649e-06	31086377	31318693	15	15	NA	NA	NA	NA
209	6:32590953:C:T	rs9271588	6	32590953	1.449e-07	32590953	32593522	3	3	NA	NA	NA	NA
210	6:33759471:C:T	rs2395401	6	33759471	3.686e-22	33345582	33791222	22	22	NA	NA	NA	NA
211	6:34815203:A:G	rs9462029	6	34815203	7.479e-14	34583020	35126813	33	33	NA	NA	NA	NA
212	6:38452503:C:T	rs9394502	6	38452503	3.525e-20	37631768	38656329	243	243	NA	NA	NA	NA
213	6:40695508:A:G	rs9367074	6	40695508	1.083e-09	40675459	40700772	18	18	NA	NA	NA	NA
214	6:41782007:A:G	rs62396748	6	41782007	3.236e-14	41753380	41893323	20	20	NA	NA	NA	NA
215	6:43737486:C:T	rs833061	6	43737486	1.152e-11	43737486	43742626	2	2	NA	NA	NA	NA
216	6:65288917:G:T	rs16895508	6	65288917	3.419e-11	65265589	65315027	103	103	NA	NA	NA	NA
217	6:69713057:A:G	rs13191563	6	69713057	4.048e-09	69305330	69768229	57	57	NA	NA	NA	NA
218	6:71575487:A:G	rs615526	6	71575487	5.279e-09	71361754	71577875	111	111	NA	NA	NA	NA
219	6:72427738:A:G	rs1204329	6	72427738	2.942e-08	72427738	72446410	12	12	NA	NA	NA	NA
220	6:73693481:A:G	rs9342993	6	73693481	9.183e-11	73658584	73719982	5	5	NA	NA	NA	NA
221	6:83903633:T:TG	rs16885957	6	83903633	1.766e-08	83777810	83908738	58	58	NA	NA	NA	NA
222	6:93912664:A:G	rs62414180	6	93912664	2.009e-09	93887222	93914220	16	16	NA	NA	NA	NA
223	6:94510338:C:T	rs9452444	6	94510338	2.736e-11	94498850	94560590	58	58	NA	NA	NA	NA
224	6:99557664:C:T	rs6938641	6	99557664	4.132e-08	99545664	99597399	14	14	NA	NA	NA	NA
225	6:101059629:C:T	rs240110	6	101059629	1.308e-14	100910798	101273147	209	209	NA	NA	NA	NA
226	6:105400605:C:T	rs314281	6	105400605	1.409e-16	105364421	105400605	11	11	NA	NA	NA	NA
227	6:106543945:C:G	rs2076060	6	106543945	4.061e-09	106543945	106543945	1	1	NA	NA	NA	NA
228	6:124259133:T:TGAATCTGATGCACACAGCTTCATGAGAAAACAAGC	rs6149792	6	124259133	1.134e-08	124253223	124292594	5	5	NA	NA	NA	NA
229	6:140324582:A:C	rs62429521	6	140324582	4.717e-09	140255995	140882229	76	76	NA	NA	NA	NA
230	6:147979815:A:C	rs1789695	6	147979815	1.075e-14	147971959	147986024	8	8	NA	NA	NA	NA
231	6:163009030:A:T	rs13210756	6	163009030	1.807e-11	162979056	163280204	139	139	NA	NA	NA	NA
232	6:165535779:C:T	rs62444044	6	165535779	3.718e-08	165530562	165569352	117	117	NA	NA	NA	NA
233	7:1947392:A:C	rs13242597	7	1947392	3.389e-08	1928020	2048406	11	11	NA	NA	NA	NA
234	7:2877941:A:G	rs73033403	7	2877941	3.111e-09	2771642	2902698	59	59	NA	NA	NA	NA
235	7:3996159:C:T	rs75218827	7	3996159	2.73e-15	3307861	4175879	363	363	NA	NA	NA	NA
236	7:6660196:T:TCCTTCCTTC	rs138713861	7	6660196	1.77e-08	6582900	6665848	32	32	NA	NA	NA	NA
237	7:7286198:C:T	rs5010183	7	7286198	4.141e-09	7230388	7300923	52	52	NA	NA	NA	NA
238	7:12267559:C:G	rs4721061	7	12267559	1.515e-12	12250378	12285140	81	81	NA	NA	NA	NA
239	7:14419196:G:T	rs12333379	7	14419196	8.256e-09	14389557	14424939	30	30	NA	NA	NA	NA
240	7:21491021:C:T	rs2158414	7	21491021	7.197e-11	21470536	21491021	3	3	NA	NA	NA	NA
241	7:24050616:C:T	rs7805564	7	24050616	7.749e-09	24023965	24050616	8	8	NA	NA	NA	NA
242	7:32494477:G:GA	rs5883355	7	32494477	3.001e-09	32472099	32585904	73	73	NA	NA	NA	NA
243	7:39200463:A:C	rs62442231	7	39200463	3.156e-08	39125174	39241816	33	33	NA	NA	NA	NA
244	7:44497261:C:G	rs10155870	7	44497261	1.167e-06	44497261	44502186	3	3	NA	NA	NA	NA
245	7:48736078:C:G	rs73696927	7	48736078	4.93e-09	48736078	48747909	5	5	NA	NA	NA	NA
246	7:54417515:C:T	rs11765062	7	54417515	8.373e-09	54304617	54551310	33	33	NA	NA	NA	NA
247	7:68397577:A:T	rs60510343	7	68397577	1.521e-08	68384522	68412939	77	77	NA	NA	NA	NA
248	7:70481029:A:G	rs11984380	7	70481029	7.186e-12	70203673	70491251	19	19	NA	NA	NA	NA
249	7:72988069:C:T	rs35659126	7	72988069	4.249e-10	72850178	73017657	37	37	NA	NA	NA	NA
250	7:78154564:C:G	rs1468774	7	78154564	3.783e-09	78138542	78154564	5	5	NA	NA	NA	NA
251	7:82471496:A:T	rs2522835	7	82471496	3.432e-09	82420324	82756506	15	15	NA	NA	NA	NA
252	7:88358953:A:G	rs11980428	7	88358953	1.057e-11	88310650	88367808	17	17	NA	NA	NA	NA
253	7:94144451:G:T	rs7779842	7	94144451	3.115e-09	94139685	94152988	7	7	NA	NA	NA	NA
254	7:102086396:C:T	rs66526712	7	102086396	2.64e-08	102053414	102086396	9	9	NA	NA	NA	NA
255	7:102446863:C:T	rs6949391	7	102446863	3.832e-09	102419304	102489456	22	22	NA	NA	NA	NA
256	7:104588161:C:T	rs112583482	7	104588161	2.016e-09	104568299	104592982	20	20	NA	NA	NA	NA
257	7:107205887:C:T	rs76924513	7	107205887	1.722e-10	106789152	107207237	255	255	NA	NA	NA	NA
258	7:108624433:A:G	rs1513922	7	108624433	1.705e-19	108260762	109197067	54	54	NA	NA	NA	NA
259	7:111228448:A:G	rs2528691	7	111228448	2.263e-09	110836200	111402001	70	70	NA	NA	NA	NA
260	7:114047542:C:G	rs8180817	7	114047542	1.387e-23	113494910	114083550	14	14	NA	NA	NA	NA
261	7:115086427:G:T	rs1358393	7	115086427	1.03e-28	114973194	115112776	23	23	NA	NA	NA	NA
262	7:116447486:A:C	rs35590186	7	116447486	1.503e-09	116447486	116499439	13	13	NA	NA	NA	NA
263	7:117594838:A:G	rs1156954	7	117594838	1.686e-10	117495667	117594838	24	24	NA	NA	NA	NA
264	7:120105510:A:G	rs62472321	7	120105510	1.292e-11	119617892	120105510	11	11	NA	NA	NA	NA
265	7:127357716:C:T	rs7778413	7	127357716	1.208e-10	127262010	127740587	26	26	NA	NA	NA	NA
266	7:132691858:C:T	rs56182580	7	132691858	9.492e-20	132644903	132691858	28	28	NA	NA	NA	NA
267	7:133973230:A:G	rs2544211	7	133973230	1.479e-09	133894515	134024914	87	87	NA	NA	NA	NA
268	7:137075847:A:T	rs1731951	7	137075847	1.438e-10	137039328	137081525	28	28	NA	NA	NA	NA
269	8:4786136:A:G	rs13269117	8	4786136	1.083e-10	4780903	4823608	58	58	NA	NA	NA	NA
270	8:10128683:C:G	rs6601426	8	10128683	1.717e-08	10121563	10268736	52	52	NA	NA	NA	NA
271	8:14630054:A:G	rs4831647	8	14630054	2.858e-09	14618470	14663473	43	43	NA	NA	NA	NA
272	8:20668624:G:T	rs2616192	8	20668624	5.433e-09	20519467	20668624	12	12	NA	NA	NA	NA
273	8:22475627:A:G	rs751680	8	22475627	7.442e-09	22449484	22527457	59	59	NA	NA	NA	NA
274	8:25904764:C:T	rs1008975	8	25904764	4.469e-07	25880400	25942774	8	8	NA	NA	NA	NA
275	8:27617978:C:T	rs10110224	8	27617978	1.489e-08	27581508	27699715	40	40	NA	NA	NA	NA
276	8:30841522:A:G	rs2344121	8	30841522	1.646e-15	30841522	30864301	10	10	NA	NA	NA	NA
277	8:31721207:C:T	rs1383890	8	31721207	4.37e-08	31641072	31778474	38	38	NA	NA	NA	NA
278	8:33629400:C:CT	rs79050075	8	33629400	2.694e-08	33583014	33673156	67	67	NA	NA	NA	NA
279	8:35179162:A:G	rs7824855	8	35179162	1.001e-10	35174099	35179162	5	5	NA	NA	NA	NA
280	8:41481304:T:TCAGA	rs5891160	8	41481304	1.28e-08	41435400	41501438	34	34	NA	NA	NA	NA
281	8:56738256:A:G	rs7837821	8	56738256	1.248e-08	56706478	56738256	4	4	NA	NA	NA	NA
282	8:59802662:A:C	rs10092649	8	59802662	2.923e-08	59798998	59862474	48	48	NA	NA	NA	NA
283	8:60913033:C:G	rs643730	8	60913033	9.264e-16	60499342	60944902	198	198	NA	NA	NA	NA
284	8:61717158:A:G	rs77753524	8	61717158	6.519e-09	61643023	61798496	9	9	NA	NA	NA	NA
285	8:64601319:A:T	rs10957292	8	64601319	5.207e-11	64601319	64601319	1	1	NA	NA	NA	NA
286	8:65240584:C:T	rs298195	8	65240584	2.713e-08	65104438	65240584	3	3	NA	NA	NA	NA
287	8:73889570:C:T	rs10104523	8	73889570	9.055e-13	73889320	73907806	13	13	NA	NA	NA	NA
288	8:74794168:C:G	rs35862289	8	74794168	9.319e-10	74678452	74810030	49	49	NA	NA	NA	NA
289	8:77004626:A:G	rs1070036	8	77004626	1.663e-10	76830442	77028973	53	53	NA	NA	NA	NA
290	8:77611625:A:G	rs4735738	8	77611625	2.094e-10	77590909	77695732	53	53	NA	NA	NA	NA
291	8:82788255:C:T	rs4409363	8	82788255	3.901e-08	82695476	82857264	89	89	NA	NA	NA	NA
292	8:91617934:A:G	rs62530187	8	91617934	2.363e-16	90955170	91650818	240	240	NA	NA	NA	NA
293	8:93277087:G:T	rs7844069	8	93277087	2.875e-11	92976563	93282549	132	132	NA	NA	NA	NA
294	8:94629969:A:G	rs56402193	8	94629969	3.582e-13	94553546	94652081	13	13	NA	NA	NA	NA
295	8:97449101:C:CT	rs11412375	8	97449101	4.807e-08	97376077	97460867	41	41	NA	NA	NA	NA
296	8:103356226:A:G	rs28552587	8	103356226	2.196e-11	103241822	103356226	8	8	NA	NA	NA	NA
297	8:104690593:C:T	rs7834353	8	104690593	6.28e-07	104547605	104753328	10	10	NA	NA	NA	NA
298	8:107747281:A:G	rs776935	8	107747281	1.089e-12	107670768	107790203	25	25	NA	NA	NA	NA
299	8:113992579:C:T	rs1532797	8	113992579	5.552e-09	113973331	114764802	367	367	NA	NA	NA	NA
300	8:117428055:G:T	rs62511348	8	117428055	1.055e-08	117421473	117471503	28	28	NA	NA	NA	NA
301	8:133404011:C:T	rs6471065	8	133404011	4.891e-10	133404011	133424729	7	7	NA	NA	NA	NA
302	8:144688736:C:G	rs2242090	8	144688736	2.295e-13	144641161	144699601	28	28	NA	NA	NA	NA
303	9:3132209:A:G	rs17727688	9	3132209	2.608e-10	3097671	3348791	179	179	NA	NA	NA	NA
304	9:4295583:A:G	rs10758594	9	4295583	6.408e-09	4119707	4295583	35	35	NA	NA	NA	NA
305	9:8271465:C:T	rs7042696	9	8271465	3.893e-08	8263707	8271465	3	3	NA	NA	NA	NA
306	9:8858043:C:T	rs118166957	9	8858043	2.456e-20	8840331	8988375	28	28	NA	NA	NA	NA
307	9:10523383:A:T	rs1322304	9	10523383	5.345e-09	10521411	10555039	13	13	NA	NA	NA	NA
308	9:11196733:C:T	rs2130121	9	11196733	1.039e-09	11133113	11252959	74	74	NA	NA	NA	NA
309	9:14458975:A:G	rs10756553	9	14458975	6.911e-13	14458975	14534505	8	8	NA	NA	NA	NA
310	9:17044971:A:T	rs393488	9	17044971	1.413e-10	17016503	17135434	22	22	NA	NA	NA	NA
311	9:19481868:G:T	rs7032599	9	19481868	3.855e-08	19475651	19513701	18	18	NA	NA	NA	NA
312	9:23827667:C:G	rs55863203	9	23827667	2.943e-15	23817245	23847615	25	25	NA	NA	NA	NA
313	9:37026000:A:T	rs3824345	9	37026000	9.514e-16	37005561	37027536	18	18	NA	NA	NA	NA
314	9:77044393:A:G	rs9777373	9	77044393	1.571e-09	76982488	77137659	27	27	NA	NA	NA	NA
315	9:78823996:G:T	rs990559	9	78823996	4.966e-08	78823996	78851044	3	3	NA	NA	NA	NA
316	9:81746592:C:CA	rs35820496	9	81746592	1.803e-16	81435027	81746592	25	25	NA	NA	NA	NA
317	9:82740594:G:T	rs1328435	9	82740594	1.6e-09	82694294	82747366	39	39	NA	NA	NA	NA
318	9:96253439:C:T	rs10992756	9	96253439	2.53e-21	96241033	96351217	67	67	NA	NA	NA	NA
319	9:102984219:A:C	rs7853585	9	102984219	4.947e-12	102741845	103011587	179	179	NA	NA	NA	NA
320	9:117925945:A:G	rs10817718	9	117925945	2.395e-11	117878911	117925945	54	54	NA	NA	NA	NA
321	9:120520136:A:G	rs4595203	9	120520136	8.725e-26	120516273	120522612	18	18	NA	NA	NA	NA
322	9:122657003:C:G	rs10818399	9	122657003	1.332e-11	122657003	122674412	27	27	NA	NA	NA	NA
323	9:125791823:C:G	rs7031933	9	125791823	2.36e-21	125752156	126044010	14	14	NA	NA	NA	NA
324	9:130971586:C:T	rs2502817	9	130971586	1.746e-09	130971586	130997892	7	7	NA	NA	NA	NA
325	9:132966269:C:T	rs10819613	9	132966269	2.186e-10	132957214	132981009	12	12	NA	NA	NA	NA
326	9:133788595:A:G	rs10125388	9	133788595	2.911e-12	133780013	133788595	10	10	NA	NA	NA	NA
327	9:134928657:G:T	rs9411339	9	134928657	2.137e-09	134849037	134943989	41	41	NA	NA	NA	NA
328	9:136953818:C:T	rs72766657	9	136953818	1.695e-08	136951556	136958528	40	40	NA	NA	NA	NA
329	9:137828243:A:C	rs1105175	9	137828243	1.459e-08	137826950	137966452	39	39	NA	NA	NA	NA
330	9:139110654:C:T	rs12684650	9	139110654	4.951e-15	139102317	139110654	7	7	NA	NA	NA	NA
331	9:140265782:C:T	9:140265782_C_T	9	140265782	5.49e-33	140214342	140265782	15	15	NA	NA	NA	NA
332	10:7450208:A:G	rs12775090	10	7450208	3.008e-08	7432653	7463238	32	32	NA	NA	NA	NA
333	10:13534851:A:G	rs2251555	10	13534851	8.119e-11	13495239	13587241	59	59	NA	NA	NA	NA
334	10:21820453:A:G	rs1416901	10	21820453	3.743e-15	21806832	22285371	40	40	NA	NA	NA	NA
335	10:25032080:A:G	rs9943377	10	25032080	3.843e-13	25026812	25061887	58	58	NA	NA	NA	NA
336	10:30512205:C:T	rs117404983	10	30512205	3.333e-08	30352293	30512205	4	4	NA	NA	NA	NA
337	10:43750452:A:G	rs12356643	10	43750452	3.486e-09	43611708	43750452	79	79	NA	NA	NA	NA
338	10:57180229:C:T	rs11004838	10	57180229	9.045e-10	57140348	57186201	27	27	NA	NA	NA	NA
339	10:64473716:A:T	rs224139	10	64473716	5.992e-10	64451233	64566258	67	67	NA	NA	NA	NA
340	10:65191645:G:T	rs7924036	10	65191645	1.3e-08	64878118	65340897	118	118	NA	NA	NA	NA
341	10:68396283:G:T	rs7072222	10	68396283	3.414e-08	68396283	68427624	104	104	NA	NA	NA	NA
342	10:70718159:A:G	rs111296206	10	70718159	5.561e-09	70480098	70791830	77	77	NA	NA	NA	NA
343	10:76847993:C:G	rs2395137	10	76847993	1.2e-11	76825638	76947566	29	29	NA	NA	NA	NA
344	10:77620021:C:T	rs1407736	10	77620021	3.141e-09	77582203	77660164	21	21	NA	NA	NA	NA
345	10:84584434:A:C	rs566903	10	84584434	7.935e-09	84534872	84615397	25	25	NA	NA	NA	NA
346	10:101496510:A:T	rs188189626	10	101496510	3.281e-08	101496510	101686327	45	45	NA	NA	NA	NA
347	10:103138554:T:TTACAGGCA	rs111374164	10	103138554	1.813e-09	103116328	103336402	142	142	NA	NA	NA	NA
348	10:104637508:C:T	rs11191434	10	104637508	5.268e-10	104595719	105175131	43	43	NA	NA	NA	NA
349	10:105617908:A:C	rs56093138	10	105617908	1.194e-08	105584159	105669304	30	30	NA	NA	NA	NA
350	10:105966929:T:TA	rs35723963	10	105966929	3.908e-08	105926906	105977721	25	25	NA	NA	NA	NA
351	10:106479748:T:TA	rs35497287	10	106479748	4.847e-12	106476601	106664546	44	44	NA	NA	NA	NA
352	10:107920521:A:G	rs1331156	10	107920521	3.125e-10	107888541	108144618	182	182	NA	NA	NA	NA
353	10:108569837:A:G	rs1856005	10	108569837	4.762e-08	108488425	108600260	35	35	NA	NA	NA	NA
354	10:108942660:C:T	rs72814942	10	108942660	3.487e-08	108910142	109066426	67	67	NA	NA	NA	NA
355	10:114865194:C:T	rs17130183	10	114865194	5.505e-11	114847143	114889901	9	9	NA	NA	NA	NA
356	10:125016501:C:T	rs7915425	10	125016501	2.342e-11	124994318	125021860	6	6	NA	NA	NA	NA
357	10:129304444:A:G	rs2065677	10	129304444	1.875e-08	129270400	129304444	7	7	NA	NA	NA	NA
358	10:131686381:A:C	rs9971199	10	131686381	6.48e-09	131683760	131694051	6	6	NA	NA	NA	NA
359	10:134938590:A:G	rs2748432	10	134938590	5.265e-09	134357009	134975317	75	75	NA	NA	NA	NA
360	11:6356217:G:T	rs1552514	11	6356217	9.517e-10	6346529	6359678	11	11	NA	NA	NA	NA
361	11:9475372:A:G	rs7928823	11	9475372	3.153e-10	9399731	9480700	17	17	NA	NA	NA	NA
362	11:17070365:A:G	rs75742406	11	17070365	8.236e-13	17067849	17305270	47	47	NA	NA	NA	NA
363	11:18061927:G:T	rs593839	11	18061927	6.119e-11	17938556	18105871	124	124	NA	NA	NA	NA
364	11:24579950:A:G	rs1509611	11	24579950	1.013e-09	24576745	24583552	3	3	NA	NA	NA	NA
365	11:31801544:A:T	rs3026411	11	31801544	6.161e-10	31793808	31893952	12	12	NA	NA	NA	NA
366	11:38805646:A:G	rs10837042	11	38805646	1.992e-12	38788615	38912209	66	66	NA	NA	NA	NA
367	11:45415577:C:T	rs72899452	11	45415577	3.63e-11	45359523	46231998	123	123	NA	NA	NA	NA
368	11:47377415:A:ACT	rs150870784	11	47377415	3.54e-16	47372377	47902883	119	119	NA	NA	NA	NA
369	11:57061445:C:G	rs7934304	11	57061445	5.071e-09	57015363	57075107	36	36	NA	NA	NA	NA
370	11:57667222:C:T	rs12790660	11	57667222	1.339e-16	57421457	57679080	66	66	NA	NA	NA	NA
371	11:62668864:A:T	rs7940070	11	62668864	1.531e-15	62668864	62697813	4	4	NA	NA	NA	NA
372	11:66302724:A:G	rs12272545	11	66302724	9.943e-20	65914766	66458696	88	88	NA	NA	NA	NA
373	11:72340686:C:G	rs79693059	11	72340686	9.854e-18	72296353	72400958	48	48	NA	NA	NA	NA
374	11:83277927:A:G	rs505621	11	83277927	2.536e-11	83263551	83334530	97	97	NA	NA	NA	NA
375	11:85764693:C:T	rs519778	11	85764693	1.408e-09	85663907	85854176	41	41	NA	NA	NA	NA
376	11:88953819:C:G	rs1939252	11	88953819	1.15e-14	88575965	89055293	112	112	NA	NA	NA	NA
377	11:99156092:A:T	rs10893052	11	99156092	3.42e-16	99126016	99195229	14	14	NA	NA	NA	NA
378	11:107416784:C:T	rs7110574	11	107416784	8.722e-10	107355600	107416784	17	17	NA	NA	NA	NA
379	11:112912303:C:T	rs3802847	11	112912303	6.216e-09	112839532	112912303	83	83	NA	NA	NA	NA
380	11:118396331:A:T	rs1064939	11	118396331	3.219e-13	118396331	118399100	2	2	NA	NA	NA	NA
381	11:121532983:T:TCAGAGCACAAAGCAGTTTC	rs142192979	11	121532983	3.809e-08	121522709	121553314	13	13	NA	NA	NA	NA
382	11:131985512:A:G	rs10894504	11	131985512	2.479e-09	131953146	131994216	42	42	NA	NA	NA	NA
383	11:133814713:A:G	rs4937860	11	133814713	2.324e-12	133696258	133843315	99	99	NA	NA	NA	NA
384	11:134264142:C:T	rs58475265	11	134264142	2.067e-12	134264142	134280860	37	37	NA	NA	NA	NA
385	12:199766:G:GA	rs35745815	12	199766	1.114e-08	195309	199766	5	5	NA	NA	NA	NA
386	12:6873818:A:G	rs2286729	12	6873818	8.253e-17	6873818	6873818	1	1	NA	NA	NA	NA
387	12:16583547:A:AT	rs547204129	12	16583547	3.232e-10	16582330	16600984	18	18	NA	NA	NA	NA
388	12:22888753:A:G	rs10842059	12	22888753	8.878e-09	22872641	22888753	9	9	NA	NA	NA	NA
389	12:24587491:A:T	rs11047436	12	24587491	2.264e-08	24571561	24623407	21	21	NA	NA	NA	NA
390	12:34036100:A:G	rs12311881	12	34036100	3.267e-08	33970682	34221493	76	76	NA	NA	NA	NA
391	12:41991750:A:G	rs10880104	12	41991750	3.1e-09	41983883	41998836	70	70	NA	NA	NA	NA
392	12:42344420:A:G	rs12814145	12	42344420	2.505e-09	42286724	42345517	91	91	NA	NA	NA	NA
393	12:43495330:C:G	rs1344829	12	43495330	1.452e-17	43469211	43537413	89	89	NA	NA	NA	NA
394	12:49512760:C:T	rs12228775	12	49512760	4.288e-08	49490309	49587330	86	86	NA	NA	NA	NA
395	12:54747905:C:T	rs7308217	12	54747905	6.556e-09	54624374	54747905	26	26	NA	NA	NA	NA
396	12:57428353:A:G	rs703848	12	57428353	1.443e-14	57428353	58741009	171	171	NA	NA	NA	NA
397	12:60252735:A:G	rs11173201	12	60252735	2.741e-10	60212228	60252735	15	15	NA	NA	NA	NA
398	12:60955933:A:AT	rs542132735	12	60955933	3.604e-08	60883626	61011048	62	62	NA	NA	NA	NA
399	12:66367726:C:T	rs61921611	12	66367726	1.106e-13	66359752	66376202	8	8	NA	NA	NA	NA
400	12:74140119:A:C	rs10400508	12	74140119	2.333e-08	74131740	74580926	174	174	NA	NA	NA	NA
401	12:78771681:A:G	rs7980124	12	78771681	2.101e-08	78746673	78804859	7	7	NA	NA	NA	NA
402	12:84601319:C:T	rs73164233	12	84601319	5.632e-12	84232270	84987338	305	305	NA	NA	NA	NA
403	12:89724927:C:T	rs797091	12	89724927	2.431e-09	89724927	89777311	25	25	NA	NA	NA	NA
404	12:109840940:A:G	rs9943753	12	109840940	1.239e-13	109790342	110038454	77	77	NA	NA	NA	NA
405	12:113007602:C:T	rs7974266	12	113007602	6.111e-11	112283914	113007602	29	29	NA	NA	NA	NA
406	12:117938380:C:T	rs1846644	12	117938380	1.514e-16	117577894	117951150	14	14	NA	NA	NA	NA
407	12:118403547:C:T	rs2393330	12	118403547	2.093e-13	118403547	118403547	1	1	NA	NA	NA	NA
408	12:123660717:C:T	rs1716174	12	123660717	2.163e-22	123513941	123725780	14	14	NA	NA	NA	NA
409	12:124409502:A:G	rs7133378	12	124409502	4.827e-14	124407292	124482757	17	17	NA	NA	NA	NA
410	13:21146232:A:G	rs9509284	13	21146232	9.594e-13	21141482	21487753	108	108	NA	NA	NA	NA
411	13:31869226:C:T	rs9543859	13	31869226	2.754e-10	31789836	31941210	109	109	NA	NA	NA	NA
412	13:32657434:C:G	rs407004	13	32657434	3.606e-08	32599266	32661712	32	32	NA	NA	NA	NA
413	13:40045598:A:G	rs9315688	13	40045598	1.417e-11	40027519	40081401	32	32	NA	NA	NA	NA
414	13:53754529:C:G	rs8002513	13	53754529	2.504e-57	53678839	54816326	123	123	NA	NA	NA	NA
415	13:60287828:C:T	rs77279219	13	60287828	6.346e-15	60244747	60494964	19	19	NA	NA	NA	NA
416	13:61821757:C:T	rs6562168	13	61821757	1.148e-07	61798628	61821757	5	5	NA	NA	NA	NA
417	13:66966427:A:C	rs9317586	13	66966427	3.133e-18	66933167	66966427	22	22	NA	NA	NA	NA
418	13:67831033:A:G	rs1925750	13	67831033	3.547e-09	67781228	67837288	30	30	NA	NA	NA	NA
419	13:69364262:C:G	rs1876400	13	69364262	5.13e-11	69345166	69396332	23	23	NA	NA	NA	NA
420	13:69891861:A:G	rs2782446	13	69891861	2.362e-09	69792926	70024608	78	78	NA	NA	NA	NA
421	13:78995749:C:T	rs7338765	13	78995749	4.415e-08	78973831	78995749	4	4	NA	NA	NA	NA
422	13:85234525:G:T	rs73532287	13	85234525	1.755e-12	85133033	85484284	241	241	NA	NA	NA	NA
423	13:92897508:A:G	rs1411751	13	92897508	4.001e-15	92849063	92897508	29	29	NA	NA	NA	NA
424	13:93990654:C:T	rs9561317	13	93990654	7.649e-11	93975887	94078475	25	25	NA	NA	NA	NA
425	13:97010667:C:T	rs1925107	13	97010667	2.922e-13	96922716	97011649	61	61	NA	NA	NA	NA
426	13:97478841:C:G	rs143612171	13	97478841	1.307e-08	97437402	97478841	3	3	NA	NA	NA	NA
427	13:99109319:A:C	13:99109319:A_C	13	99109319	0.0001328	99104170	99111560	3	3	NA	NA	NA	NA
428	13:102376202:A:G	rs61965119	13	102376202	8.573e-09	102311752	102380167	6	6	NA	NA	NA	NA
429	13:104680169:C:T	rs17416209	13	104680169	6.916e-10	104662801	104722037	43	43	NA	NA	NA	NA
430	13:109795226:G:T	rs275950	13	109795226	7.102e-10	109713064	109844249	116	116	NA	NA	NA	NA
431	13:111982291:C:T	rs1536053	13	111982291	5.404e-11	111900332	112011623	31	31	NA	NA	NA	NA
432	14:21662129:A:G	rs61979497	14	21662129	3.717e-08	21648638	21679756	11	11	NA	NA	NA	NA
433	14:33412996:A:G	rs4981170	14	33412996	1.84e-16	33374069	33435534	51	51	NA	NA	NA	NA
434	14:33727126:C:T	rs10148610	14	33727126	6.784e-11	33727126	33727126	1	1	NA	NA	NA	NA
435	14:39392835:A:G	rs12893801	14	39392835	6.944e-11	39380787	40067586	85	85	NA	NA	NA	NA
436	14:42213816:C:G	rs1584317	14	42213816	5.766e-09	42036322	42476274	79	79	NA	NA	NA	NA
437	14:60053085:A:G	rs34772727	14	60053085	2.788e-09	59901083	60179792	113	113	NA	NA	NA	NA
438	14:69158128:A:C	rs1007841	14	69158128	3.177e-08	69158128	69171340	3	3	NA	NA	NA	NA
439	14:71292750:A:AG	rs201404034	14	71292750	8.981e-11	71212158	71298897	45	45	NA	NA	NA	NA
440	14:78391709:C:G	rs3783955	14	78391709	3.077e-09	78363451	78391715	5	5	NA	NA	NA	NA
441	14:80075846:C:T	rs17836224	14	80075846	1.361e-10	80016876	80076724	38	38	NA	NA	NA	NA
442	14:84917726:C:T	rs12431506	14	84917726	4.877e-08	84907277	84950085	46	46	NA	NA	NA	NA
443	14:87857894:A:T	rs61981985	14	87857894	3.977e-09	87808866	87874307	56	56	NA	NA	NA	NA
444	14:94184553:A:G	rs10137365	14	94184553	2.553e-09	93700821	94192032	133	133	NA	NA	NA	NA
445	14:97343323:C:T	rs736929	14	97343323	5.779e-10	97262907	97383006	29	29	NA	NA	NA	NA
446	14:98622678:A:G	rs10143433	14	98622678	2.419e-09	98603851	98670706	43	43	NA	NA	NA	NA
447	14:99742187:C:T	rs2664299	14	99742187	1.527e-14	99742187	99750520	4	4	NA	NA	NA	NA
448	14:101083958:A:C	rs911324	14	101083958	1.77e-09	101027448	101086922	20	20	NA	NA	NA	NA
449	14:104093521:C:T	rs729437	14	104093521	6.854e-15	104054425	104167938	11	11	NA	NA	NA	NA
450	15:36392159:G:T	rs12324269	15	36392159	8.34e-14	36181554	36400069	34	34	NA	NA	NA	NA
451	15:37900445:A:G	rs8036386	15	37900445	1.006e-12	37643831	37909452	24	24	NA	NA	NA	NA
452	15:38850330:C:T	rs7173565	15	38850330	1.654e-19	38828140	38909464	22	22	NA	NA	NA	NA
453	15:46042597:A:G	rs12594473	15	46042597	3.874e-08	46035489	46101581	24	24	NA	NA	NA	NA
454	15:47715996:A:G	rs281222	15	47715996	5.071e-13	47157196	47724781	47	47	NA	NA	NA	NA
455	15:51942207:C:G	rs7183479	15	51942207	1.18e-08	51735296	51956117	235	235	NA	NA	NA	NA
456	15:53082481:G:T	rs2456523	15	53082481	4.749e-08	53073084	53165681	22	22	NA	NA	NA	NA
457	15:57413776:A:G	rs967514	15	57413776	2.04e-10	57413776	57553832	15	15	NA	NA	NA	NA
458	15:66696332:G:T	rs11856510	15	66696332	1.465e-12	66597329	66839394	175	175	NA	NA	NA	NA
459	15:67753692:C:T	rs8025163	15	67753692	1.324e-08	67687968	67753692	2	2	NA	NA	NA	NA
460	15:74052756:C:T	rs7162423	15	74052756	2.432e-20	74022114	74331659	12	12	NA	NA	NA	NA
461	15:81053435:G:GA	rs35095870	15	81053435	5.42e-10	80978257	81068593	36	36	NA	NA	NA	NA
462	15:86941904:A:C	rs16976763	15	86941904	4.179e-08	86887253	86983779	50	50	NA	NA	NA	NA
463	15:89806242:A:G	rs12915838	15	89806242	8.079e-08	89789167	89883672	11	11	NA	NA	NA	NA
464	15:91426560:A:G	rs4702	15	91426560	2.897e-31	91426560	91426560	1	1	NA	NA	NA	NA
465	15:92395398:A:G	rs11858157	15	92395398	1.17e-08	92387857	92410407	22	22	NA	NA	NA	NA
466	15:96284425:A:T	rs2575431	15	96284425	3.939e-09	96238979	96372805	43	43	NA	NA	NA	NA
467	15:96954995:A:G	rs8026716	15	96954995	3.996e-08	96954995	96957969	4	4	NA	NA	NA	NA
468	15:99202875:C:T	rs8028620	15	99202875	1.956e-08	99177595	99204652	15	15	NA	NA	NA	NA
469	16:703721:A:C	rs9936879	16	703721	7.649e-18	698590	723647	34	34	NA	NA	NA	NA
470	16:2795467:A:AG	rs11461440	16	2795467	3.737e-10	2779850	2798070	7	7	NA	NA	NA	NA
471	16:3474638:A:G	rs11077334	16	3474638	3.107e-08	3472114	3494322	33	33	NA	NA	NA	NA
472	16:6304113:C:G	rs12928387	16	6304113	2.723e-14	6302145	6649035	89	89	NA	NA	NA	NA
473	16:9191790:C:T	rs12924275	16	9191790	9.35e-13	9183900	9225494	15	15	NA	NA	NA	NA
474	16:12351358:A:ATCTC	rs111505982	16	12351358	7.103e-17	12249272	12471355	119	119	NA	NA	NA	NA
475	16:15132211:A:AAAAGTTG	rs111536178	16	15132211	3.748e-08	15124327	15147954	24	24	NA	NA	NA	NA
476	16:19975418:C:T	rs8054082	16	19975418	8.43e-20	19904344	20040042	59	59	NA	NA	NA	NA
477	16:20706876:G:GTCTA	rs148514776	16	20706876	1.128e-09	20696908	20940157	89	89	NA	NA	NA	NA
478	16:29994922:C:T	rs3814883	16	29994922	2.346e-13	29960468	30018500	41	41	NA	NA	NA	NA
479	16:49450047:A:G	rs2356265	16	49450047	1.87e-09	49450047	49483472	9	9	NA	NA	NA	NA
480	16:51177517:A:G	rs1015438	16	51177517	3.878e-20	51172677	51187142	4	4	NA	NA	NA	NA
481	16:51493798:C:T	rs59937052	16	51493798	2.6e-09	51493798	51495068	2	2	NA	NA	NA	NA
482	16:52684916:A:G	rs12927162	16	52684916	1.553e-22	52279707	52816170	98	98	NA	NA	NA	NA
483	16:54671719:C:T	rs1548911	16	54671719	1.657e-08	54629889	54673195	19	19	NA	NA	NA	NA
484	16:56352854:A:C	rs2398144	16	56352854	8.618e-20	56144698	56508308	38	38	NA	NA	NA	NA
485	16:58696969:C:CG	rs34160647	16	58696969	1.439e-08	58696969	58704861	2	2	NA	NA	NA	NA
486	16:60608885:A:T	rs7203385	16	60608885	2.928e-12	60585280	60743834	82	82	NA	NA	NA	NA
487	16:61602417:A:G	rs11863753	16	61602417	9.876e-14	61586237	61650572	37	37	NA	NA	NA	NA
488	16:65813302:A:C	rs12598089	16	65813302	2.745e-08	65789998	65835497	19	19	NA	NA	NA	NA
489	16:75116266:C:G	rs9926159	16	75116266	3.805e-08	75034589	75145538	22	22	NA	NA	NA	NA
490	16:77214243:C:T	rs7184998	16	77214243	1.015e-22	77211339	77217376	14	14	NA	NA	NA	NA
491	16:78009018:C:T	rs79637296	16	78009018	1.041e-08	77994104	78019687	16	16	NA	NA	NA	NA
492	16:82866739:A:T	rs11150494	16	82866739	1.384e-08	82866739	82873289	16	16	NA	NA	NA	NA
493	16:87863500:A:C	rs8063871	16	87863500	2.051e-09	87858263	87868948	10	10	NA	NA	NA	NA
494	17:2311986:C:T	rs8069356	17	2311986	2.975e-10	2311986	2572778	25	25	NA	NA	NA	NA
495	17:11197243:A:G	rs8066969	17	11197243	9.042e-10	11190747	11211820	13	13	NA	NA	NA	NA
496	17:17399635:C:T	rs2232839	17	17399635	4.694e-10	17398278	17401736	3	3	NA	NA	NA	NA
497	17:26933741:C:G	rs34490907	17	26933741	5.701e-10	26911529	27189971	47	47	NA	NA	NA	NA
498	17:28547210:A:G	rs8076005	17	28547210	3.049e-09	28069307	28552773	20	20	NA	NA	NA	NA
499	17:29685150:A:G	rs3815156	17	29685150	3.005e-10	29412900	29733650	93	93	NA	NA	NA	NA
500	17:35574672:A:C	rs12947676	17	35574672	1.015e-08	35460410	35667144	30	30	NA	NA	NA	NA
501	17:43172849:C:T	rs11871043	17	43172849	7.572e-18	43155914	43183108	12	12	NA	NA	NA	NA
502	17:47123423:C:T	rs4643373	17	47123423	3.686e-11	46565448	47145848	205	205	NA	NA	NA	NA
503	17:50259142:A:C	rs9889282	17	50259142	1.331e-18	50259142	50317276	26	26	NA	NA	NA	NA
504	17:61024696:C:T	rs8076183	17	61024696	5.102e-16	61024696	61298020	16	16	NA	NA	NA	NA
505	17:65999648:C:T	rs6504568	17	65999648	2.879e-08	65825248	65999648	163	163	NA	NA	NA	NA
506	17:71680807:A:G	rs323406	17	71680807	4.182e-08	71666384	71683444	6	6	NA	NA	NA	NA
507	17:79463324:A:G	rs56324203	17	79463324	1.263e-08	79455342	79483016	30	30	NA	NA	NA	NA
508	17:79954544:A:T	rs8074498	17	79954544	1.155e-13	79921278	79958142	4	4	NA	NA	NA	NA
509	18:21715084:A:C	rs12607257	18	21715084	1.862e-08	21674607	21759593	20	20	NA	NA	NA	NA
510	18:22689878:C:T	rs4432322	18	22689878	1.694e-10	22689000	22741445	37	37	NA	NA	NA	NA
511	18:26353724:A:G	rs11083301	18	26353724	3.819e-12	26352762	26355794	4	4	NA	NA	NA	NA
512	18:31313965:G:T	rs12605642	18	31313965	3.187e-16	30686065	31692113	199	199	NA	NA	NA	NA
513	18:48779673:C:T	rs62092949	18	48779673	4.222e-08	48683589	48779673	47	47	NA	NA	NA	NA
514	18:49193718:A:G	rs35541683	18	49193718	4.686e-08	49161569	49193718	12	12	NA	NA	NA	NA
515	18:50837499:T:TA	18:50837499_TA_T	18	50837499	2.606e-12	50622242	50864195	13	13	NA	NA	NA	NA
516	18:52895531:C:T	rs8766	18	52895531	1.533e-23	52751455	53123519	13	13	NA	NA	NA	NA
517	18:56826077:C:T	rs2271731	18	56826077	4.517e-09	56777282	56826077	48	48	NA	NA	NA	NA
518	18:65940192:C:T	rs8084405	18	65940192	2.327e-08	65940192	65961247	32	32	NA	NA	NA	NA
519	18:77576767:C:T	rs516890	18	77576767	6.031e-10	77410656	77580712	86	86	NA	NA	NA	NA
520	19:5073447:A:G	rs12983032	19	5073447	1.594e-11	4970593	5174304	75	75	NA	NA	NA	NA
521	19:13014314:C:T	rs12611068	19	13014314	4.181e-08	13010520	13061983	33	33	NA	NA	NA	NA
522	19:19488718:C:T	rs12973258	19	19488718	9.293e-09	19380996	19628037	50	50	NA	NA	NA	NA
523	19:31202969:G:GA	rs11375063	19	31202969	4.506e-08	31202969	31211647	2	2	NA	NA	NA	NA
524	19:35767933:A:G	rs10421599	19	35767933	3.248e-08	35745088	35785147	23	23	NA	NA	NA	NA
525	19:37027160:A:G	rs73034109	19	37027160	1.297e-14	36933303	37242178	43	43	NA	NA	NA	NA
526	19:39734220:A:C	rs4803217	19	39734220	2.099e-08	39730301	39747741	15	15	NA	NA	NA	NA
527	19:45411941:C:T	rs429358	19	45411941	2.133e-12	45389596	45426792	13	13	NA	NA	NA	NA
528	19:51193146:A:G	rs10406993	19	51193146	1.515e-08	51160192	51193146	7	7	NA	NA	NA	NA
529	19:56136059:G:T	rs57314044	19	56136059	1.354e-13	56134038	56221584	8	8	NA	NA	NA	NA
530	19:58998464:A:G	rs8110135	19	58998464	4.289e-10	58915193	59079257	49	49	NA	NA	NA	NA
531	20:17369072:A:T	rs56353032	20	17369072	1.72e-09	17346807	17369072	7	7	NA	NA	NA	NA
532	20:21263790:A:T	rs6035826	20	21263790	1.314e-08	21249538	21401057	68	68	NA	NA	NA	NA
533	20:29881904:A:G	rs6089147	20	29881904	1.332e-07	29846402	29882151	5	5	NA	NA	NA	NA
534	20:31098565:G:T	rs293567	20	31098565	2.376e-28	30948975	31177986	25	25	NA	NA	NA	NA
535	20:37973031:C:T	rs13038787	20	37973031	1.525e-08	37940679	38088410	49	49	NA	NA	NA	NA
536	20:41956451:A:C	rs6030790	20	41956451	8.261e-12	41827431	42001081	46	46	NA	NA	NA	NA
537	20:44746982:C:T	rs1883832	20	44746982	7.997e-10	44692598	44746982	12	12	NA	NA	NA	NA
538	20:45841052:A:G	rs910187	20	45841052	2.188e-16	45824587	45921010	20	20	NA	NA	NA	NA
539	20:47774512:C:T	rs6019663	20	47774512	3.27e-12	47523057	47823302	38	38	NA	NA	NA	NA
540	20:50959453:C:G	rs13043844	20	50959453	1.493e-19	50831406	51129093	32	32	NA	NA	NA	NA
541	20:54390079:A:G	rs6024441	20	54390079	1.681e-09	54353115	54472216	61	61	NA	NA	NA	NA
542	20:60985164:C:T	rs2236202	20	60985164	3.888e-10	60921324	60985164	17	17	NA	NA	NA	NA
543	20:62419213:C:T	rs67047102	20	62419213	3.835e-08	62418243	62466059	40	40	NA	NA	NA	NA
544	21:42509823:C:T	rs965494	21	42509823	6.19e-09	42495620	42509823	3	3	NA	NA	NA	NA
545	21:43305619:C:T	rs10368	21	43305619	3.757e-08	43264883	43313247	13	13	NA	NA	NA	NA
546	21:46536586:C:T	rs2003273	21	46536586	9.36e-12	46488169	46647078	39	39	NA	NA	NA	NA
547	22:22069881:T:TTTTAA	rs147970828	22	22069881	3.961e-08	22050234	22101995	9	9	NA	NA	NA	NA
548	22:31174783:A:G	rs136310	22	31174783	6.968e-09	31133033	31213097	39	39	NA	NA	NA	NA
549	22:39241509:A:G	rs9607581	22	39241509	1.225e-11	39224123	39245640	4	4	NA	NA	NA	NA
550	22:41431905:G:GA	rs145611631	22	41431905	1.002e-19	41414055	41713111	78	78	NA	NA	NA	NA
551	23:5985120:A:G	rs12010000	23	5985120	3.285e-13	5969853	6050888	30	30	NA	NA	NA	NA
552	23:21494390:A:G	rs62590551	23	21494390	1.457e-11	21376205	21569920	4	4	NA	NA	NA	NA
553	23:24962492:A:G	rs6629928	23	24962492	2.492e-08	24550361	24962492	53	53	NA	NA	NA	NA
555	23:83565589:C:T	rs4828253	23	83565589	4.181e-11	83542707	83713718	23	23	NA	NA	NA	NA
556	23:130424387:C:T	rs5932880	23	130424387	1.759e-08	130424387	130518722	64	64	NA	NA	NA	NA
557	23:133314686:C:T	rs144895060	23	133314686	5.209e-09	133171787	133350861	21	21	NA	NA	NA	NA
558	23:135888142:C:G	rs2199679	23	135888142	2.884e-10	135822540	135888142	7	7	NA	NA	NA	NA
